2.311915606260299683e-01 9.268668293952941895e-02
2.763704061508178711e-01 8.687378466129302979e-02
3.203511238098144531e-01 7.820176333189010620e-02
3.647991418838500977e-01 6.899820268154144287e-02
4.086888134479522705e-01 6.313287466764450073e-02
4.554944336414337158e-01 6.201284006237983704e-02
5.000548958778381348e-01 6.269070506095886230e-02
5.489127635955810547e-01 7.062403857707977295e-02
5.916525125503540039e-01 7.749904692173004150e-02
6.404213905334472656e-01 8.479527384042739868e-02
6.867406368255615234e-01 9.630645811557769775e-02
7.354092597961425781e-01 1.060337871313095093e-01
7.858086824417114258e-01 1.210128068923950195e-01
8.265939950942993164e-01 1.431619524955749512e-01
8.704416751861572266e-01 1.635367721319198608e-01
9.066333770751953125e-01 1.988097280263900757e-01
9.277209043502807617e-01 2.432594150304794312e-01
9.469033479690551758e-01 3.145200610160827637e-01
9.450697898864746094e-01 3.863125145435333252e-01
9.357979297637939453e-01 4.580628275871276855e-01
9.252004623413085938e-01 5.286157131195068359e-01
9.016137123107910156e-01 6.001549363136291504e-01
8.764562606811523438e-01 6.659666895866394043e-01
8.437852263450622559e-01 7.327637076377868652e-01
8.030067682266235352e-01 7.917068600654602051e-01
7.578555941581726074e-01 8.461682796478271484e-01
7.060072422027587891e-01 8.890132308006286621e-01
6.466287970542907715e-01 9.227007627487182617e-01
5.843430757522583008e-01 9.513037204742431641e-01
5.226132869720458984e-01 9.656576514244079590e-01
4.565542042255401611e-01 9.778600335121154785e-01
3.965864479541778564e-01 9.909311532974243164e-01
3.291839957237243652e-01 1.004445314407348633e+00
1.907075643539428711e-01 1.021629124879837036e-01
1.633626371622085571e-01 1.489089727401733398e-01
1.760439723730087280e-01 1.900568008422851562e-01
1.948250234127044678e-01 2.328045070171356201e-01
2.110982537269592285e-01 2.738837599754333496e-01
2.442556768655776978e-01 2.706763446331024170e-01
2.286597937345504761e-01 2.239636629819869995e-01
2.145881801843643188e-01 1.845055818557739258e-01
2.002737224102020264e-01 1.444792449474334717e-01
2.227593958377838135e-01 4.174226522445678711e-01
2.093608975410461426e-01 4.962758123874664307e-01
2.100332528352737427e-01 5.761986970901489258e-01
2.219899445772171021e-01 6.521031856536865234e-01
2.722102999687194824e-01 7.232354879379272461e-01
2.601726651191711426e-01 6.461527347564697266e-01
2.504181861877441406e-01 5.660392642021179199e-01
2.514369189739227295e-01 4.899417161941528320e-01
2.612746059894561768e-01 4.110152721405029297e-01
3.200396895408630371e-01 3.100817799568176270e-01
3.866609930992126465e-01 2.822614908218383789e-01
4.544096291065216064e-01 2.565835714340209961e-01
5.148578882217407227e-01 2.339099049568176270e-01
5.538569092750549316e-01 1.927803009748458862e-01
5.634424686431884766e-01 2.259639799594879150e-01
5.721363425254821777e-01 2.649480998516082764e-01
5.688368082046508789e-01 3.213358223438262939e-01
5.732787847518920898e-01 3.790411055088043213e-01
2.984647452831268311e-01 1.218213438987731934e-01
2.876609265804290771e-01 1.449846029281616211e-01
2.876524329185485840e-01 1.786208152770996094e-01
2.975466549396514893e-01 2.168594896793365479e-01
3.223058283329010010e-01 2.462568730115890503e-01
3.332368135452270508e-01 2.097219973802566528e-01
3.268010914325714111e-01 1.707197129726409912e-01
3.181610107421875000e-01 1.422282308340072632e-01
3.451409041881561279e-01 4.529497325420379639e-01
3.281315267086029053e-01 4.993246793746948242e-01
3.251142203807830811e-01 5.477260947227478027e-01
3.411652445793151855e-01 5.968794822692871094e-01
3.577967584133148193e-01 6.399204134941101074e-01
3.718299865722656250e-01 5.905561447143554688e-01
3.760508894920349121e-01 5.409716367721557617e-01
3.646946549415588379e-01 5.007419586181640625e-01
6.792286634445190430e-01 1.499644219875335693e-01
6.527925729751586914e-01 1.815653145313262939e-01
6.427320241928100586e-01 2.258381545543670654e-01
6.433803439140319824e-01 2.570035457611083984e-01
6.488130688667297363e-01 2.885811328887939453e-01
6.748408079147338867e-01 3.821645975112915039e-01
7.077287435531616211e-01 4.676514267921447754e-01
7.397664785385131836e-01 3.962950706481933594e-01
7.568952441215515137e-01 3.221817314624786377e-01
7.534713149070739746e-01 2.400493323802947998e-01
7.438207268714904785e-01 1.956633031368255615e-01
7.080494761466979980e-01 1.634173095226287842e-01
6.782083511352539062e-01 1.601811349391937256e-01
6.753762960433959961e-01 2.039472460746765137e-01
6.784775853157043457e-01 2.561169862747192383e-01
6.936442255973815918e-01 3.560768961906433105e-01
7.095363736152648926e-01 4.525043666362762451e-01
7.099937796592712402e-01 3.464999794960021973e-01
7.060634493827819824e-01 2.471316605806350708e-01
6.914042234420776367e-01 1.986596584320068359e-01
3.135106265544891357e-01 1.744273304939270020e-01
3.556413352489471436e-01 5.409650206565856934e-01
